11 0 0 1 0
6 0 1 1 1
9 0 0 2 0
13 3 1 2 1
13 2 0 3 0
2 0 0 3 1
3 0 0 3 2
10 1 1 3 3
5 3 0 4 0
10 0 0 4 1
4 2 1 4 2
12 0 0 5 0
3 1 0 5 1
7 3 0 5 2
4 3 0 5 3
8 3 1 5 4
7 2 1 5 5
6 3 1 5 6
5 2 1 5 7
1 3 0 6 0
4 0 0 6 1
6 2 0 6 2
11 1 0 6 3
2 2 0 6 4
12 2 0 6 5
9 1 1 6 6
8 2 1 6 7
7 1 1 6 8
11 2 0 7 0
2 1 0 7 1
2 3 1 7 2
12 1 1 7 3
8 1 1 7 4
13 1 0 7 5
1 0 0 7 6
4 1 0 7 7
9 3 0 7 8
3 2 0 7 9
10 3 0 7 10
5 1 0 7 11
12 3 0 7 12
5 0 0 7 13
3 3 0 7 14
7 0 0 7 15
1 1 0 7 16
10 2 0 7 17
6 1 0 7 18
9 2 0 7 19
11 3 0 7 20
13 0 0 7 21
8 0 0 7 22
0 0 1 8 0
0 1 1 8 1
1 2 1 8 2
0 3 1 8 3
Score/Move...: 40 12 5 6 3 7
